    1     1   1   1.00
   49     1   2  21.00
   54     1   1   1.00
   54     1   1   1.00
   50     1   1   1.00
    5     1   1   1.00
    5     1   1   1.00
    8     1   5  52.00
    9     1  52  12.00
    8     1   5   0.00
    9     2   1   0.00
   15     2   1   0.00
   13     2   1   0.00
   85     2   1   0.00
   90     2  12   5.00
   90     2  14   5.00
   90     1   5   1.00
   71     2  52   5.00
   96     2   2   5.00
   82     2   2   5.00
   32     2  32   5.00
   33     2   3   5.00
   91     2   3   5.00
   91     2   4   5.00
   91     5   4  12.00
    1     1   1   1.00
    2     2   2   5.00
    2     3   3   0.00
    2     3   3   0.00
    8     8   8   0.00
    9     9   9   9.00
    9     9   9   9.00
    4     4   4  45.00
   83     2   2   5.00
   83     5   5  12.00
   16     2   1   5.00
   16     2  32   5.00
   51     2   2   5.00
   51     1  12   1.00
