    1                    1     1.00
    1                    1     1.00
    1                    1     1.00
    2                  aaa     5.00
    1                    1     1.00
    1                    1     1.00
    1                    1     1.00
    4                gouda    45.00
    5                  pan    12.00
    1                    1     1.00
   88                    8     8.00
    9                    9     9.00
   99                   99    99.00
   45                   45    45.00
   45                   45    45.00
